Welcome to my eigen value decomposition homework.
Our matrix A:
     84.0188      39.4383      78.3099       79.844 
     39.4383      91.1647      19.7551      33.5223 
     78.3099      19.7551       76.823      27.7775 
      79.844      33.5223      27.7775       55.397 
Now we make A diagonal:
    -24.0749 -1.26598e-09            0            0 
-1.26598e-09      35.1774            0 -7.34619e-08 
           0            0      72.9058  3.40827e-10 
           0 -7.34619e-08  3.40816e-10      223.395 
We check if V'V=I:
           1            0            0            0 
           0            1            0            0 
           0            0            1            0 
           0            0            0            1 
We check if V'AV = D:
    -24.0749   -1.266e-09            0            0 
-1.26599e-09      35.1774            0  -7.3462e-08 
           0            0      72.9058  3.40813e-10 
           0  -7.3462e-08  3.40811e-10      223.395 
We check if VDV' = A:
     84.0188      39.4383      78.3099       79.844 
     39.4383      91.1647      19.7551      33.5223 
     78.3099      19.7551       76.823      27.7775 
      79.844      33.5223      27.7775       55.397 
Hooray for Captain Spaulding! It works!